171262902
256444993
107855479
1116768636
108810964
898455820
317880638
151069590
1035410886
334481624
5150808
402236739
203351055
106573901
100483784
177411785
11998984
109810461
101446572
106007838
72379844
320219866
194979527
109757023
296702734
113619848
196442862
217472313
163458082
14067214
851295431
155347318
357808697
193564777
70325461
138880576
40805086
427890894
390015464
103850210
123023873
155162307
366357573
1079923091
127303200
1296344042
169929288
91460772
1229557033
66620961
399464883
96803083
115756747
371469487
96327931
67220699
173978074
100829013
100598959
317578440
120901780
167976729
299961237
331999484
392667939
330991920
90547237
875598140
241107899
278322894
481160435
113435203
94054712
1088836975
163891868
420930889
103940975
177804322
111114687
177061558
96398669
156029808
423646493
103279580
387973160
116585378
326291148
196331985
129958758
206379758
237201026
91443418
230668802
493730486
262838756
122560376
898754153
135569134
236027706
90892734
191597529
1090241102
157475523
414064249
249901607
323993362
242513925
171289250
171531554
98887913
97658618
170438043
152083285
88933594
190826739
458839438
375507918
1056742847
227657377
214973351
141133392
197276440
140141752
181563525
250765121
1018920137
137878566
1119053844
217309782
303215708
955619813
142991995
333968536
196795711
1134027961
376515055
196782542
367228891
316323978
259151453
894366499
959099864
286279456
396462897
896664371
289272996
289435086
206644911
136395933
88470
136186119
487942025
416136581
325720811
111314701
902424411
221461259
179313961
136695478
140599682
399885807
114216047
230642362
135389630
400718611
109413908
170235572
216656155
331855530
365381070
288296340
220154695
240128102
342340720
186939694
231622898
366166639
138857296
87278757
861116499
420212919
1067296087
256156323
247374909
127565532
122255316
877696078
93618577
140288368
127617979
206960035
196878136
243150106
376742255
186543239
90125566
847565596
489696354
345803031
196493853
394879200
100471531
129839996
148991641
164948665
153743768
394071544
102099826
181006278
458287006
843863285
113331514
117483894
86698277
94596798
126106658
139683229
100058342
1029641235
168586577
1003416511
94786276
838174509
410590632
168583656
324622177
112552914
136937137
1043410571
847791293
119037553
63084395
118903894
153193163
132309493
158185348
303741500
364603467
1005752260
257001528
357110030
199222238
180775030
446737104
301750126
103735745
838436660
93817671
1024719290
390217220
925222035
259269947
86738694
191254067
1003856768
402566274
307138331
407213454
179655918
169756712
389033587
186540594
56939869
138717510
903184860
177613346
203557151
185202677
221666230
136178375
257694165
207945924
72312627
279559282
404004408
150862738
1171243748
96183976
321580662
208181197
128614292
196220695
160628150
98961223
205220659
202346714
1094753666
34965775
1086879732
363871826
98885811
172099728
348703642
350531123
180664039
244314792
126238768
117731777
145550466
136565958
165671428
297047140
1035128290
56351509
282359850
315157158
990791329
148480336
233739425
906439403
906426497
95825708
137276883
73401082
374244343
164219187
241519559
164962869
302425972
392565237
114585639
137805103
1169684404
48594480
197574429
216560115
121870008
99155835
175311897
372893213
191362875
96189126
138430779
185181822
152962063
480412663
139294908
136520027
116934015
352545711
383867949
165252080
155550258
401653350
142139318
889051347
293711026
84429681
219956269
122547174
292921272
339235645
910028605
1095157609
86822085
249651648
291284620
138973727
118233883
146711951
234469043
145372258
173971950
1011643436
157989498
914221413
163554052
126212866
181716137
308163407
145065875
378910198
116293223
893395618
155056441
136637215
277742444
360114278
303673743
181267255
223872105
9403474
116514161
139603726
136737280
114619230
117734290
99611577
346412363
387228584
175463659
141690233
280091386
869593848
118134220
27178898
295697470
210053851
171327580
88553213
340488190
1059767556
316861380
355597166
139822354
337575662
59463394
230580807
152545459
858106446
183910760
412324908
39043220
127530803
126702445
1041276674
1003980582
999961232
314318628
428626312
156328257
178086004
154974246
911484384
137193239
120613892
186376359
236858633
212560917
345072645
431770905
185512564
294135421
206642367
81475303
50580004
154560620
169025618
194818271
399920568
254384687
164532005
140251702
140727936
58513047
349310876
179307789
182401160
110448679
148215639
183719386
140545150
203959071
44066254
180036378
202217968
249986681
207917054
140812245
136186418
183378746
107023378
94296097
86700461
973623138
202464276
25907144
355168766
133167741
188551857
108382060
248180032
76904792
192176314
113457795
439345730
85696663
126842529
145129370
117514269
94281932
361688848
136938490
153727297
150748346
861414087
161072811
373207588
408729743
126422920
168028715
110464255
190016181
262476000
359068880
177203952
454787094
407321629
155332459
136273116
680868
137092505
100758751
153694953
173880329
241884166
1102443244
193884241
149240068
435460860
130040732
100246000
161839895
106476169
169405715
372801387
238239590
337387318
131599557
71266407
132851371
113152484
872008996
185884868
493967542
100594231
172666411
312436974
86975889
104512126
279997546
125445069
421055491
10366616
127853828
129683931
137515340
108452107
893182924
297880499
175401611
130271765
352623024
1064029742
94155156
154410804
105346714
1049553377
161426374
196142865
184289889
246523528
116852311
344192871
347839440
455272989
336330196
234745617
143786911
177149738
289924430
116837520
151460217
123561201
86725175
368917218
123953528
853351993
358507879
455630651
207916561
1136624512
200134969
185225774
101216850
337782647
322186211
118948666
138394294
184950344
321507854
1118636780
195108598
219755398
137676707
141392647
204389658
207829314
188972713
136177710
184138153
87063175
101208242
285100046
323562138
79648574
408500275
155594267
138535219
170564524
152859296
168126336
143606056
206600968
136812808
1110152099
306544314
193815691
88826062
155494381
917164766
243239096
467791853
145331311
904131336
203080877
102644565
153351088
40547474
137330258
363739653
220078345
455509466
144669644
158096795
139123768
329076390
163030039
321907706
317814449
175104556
330534326
397256554
224244011
108717482
151080711
283629288
184620877
214853734
162793063
85312703
131303632
128423973
101375717
250623875
185996267
145165745
110984784
421923841
338281814
1031547092
28070572
1101855381
193418507
132737337
35504297
155447692
1056259638
255339080
1004877057
37149076
293904640
186837494
118073569
237566069
140297552
87197791
904002148
230487729
187619311
314468507
175520789
193533364
363724571
392632905
234787253
114114932
139994519
191750126
217037542
114695686
150638223
246801492
302214028
252698696
110837826
154042978
340916923
162126721
236556669
130503714
874981361
369967285
239230502
136150642
874739051
100616105
177953305
103910993
397250058
140842969
16309975
860264647
231581709
353424606
314041075
169672157
160119017
285770518
113899006
131112540
242835570
392385140
118305301
329589381
162646802
320252024
185438531
369342470
257698084
105344475
158743826
931145002
153836240
97072681
104334048
196400041
452400903
205983633
140009904
242885483
74378317
180047461
208985553
150428662
140613225
18180970
102787606
108958769
224302441
147545571
120117384
133102775
140723884
107803494
130735772
61049916
196482746
447067019
185646215
191290281
205813150
119535307
250199344
251101740
113995822
338769995
207983361
138531633
101779337
164530809
412413765
137529998
348146962
134357466
178692606
186637294
135673679
255741704
292829433
293731272
383361785
223117869
164260760
123022840
1145883757
158897083
198192018
385716998
101356886
1081989585
91730177
197547532
117015167
216278662
113112046
138033290
143182355
302568414
1060164724
872625732
1058933587
185059559
343084576
306013204
86818655
977056849
136474313
171211166
425883369
94364925
995397364
277196834
165564598
134940378
173378701
105865706
214979190
254013249
855420137
120982858
1052672620
87382579
149792869
110719338
105045291
182356796
325576347
326327879
113874152
240262429
175082527
360648679
194521913
150726729
248388120
309345956
106755427
176777410
349495318
427017829
229210222
171882227
129858884
370600515
147767183
136222443
293362465
165390194
271771360
43276219
206152069
122817493
136829091
240713761
99679011
977475697
161683666
110228930
127961011
200122375
169808301
123787715
185001854
399862798
278599060
364648532
170031596
114596500
125941160
179716628
252244084
119468045
339034640
118559150
442510991
154728099
118576859
417512732
169416589
190996591
389022189
1061475191
92253768
114645455
176616331
197813893
110819366
220901109
158772781
230617400
168790702
209238427
334050219
115360315
237238721
131453145
188738270
420139438
217571722
425224180
107480920
156721913
104758571
287992940
998805177
85367644
155946464
170834508
340123379
107579895
176135170
246550947
99540890
198631761
177512232
94738847
420049405
35014123
90365989
137906934
194872796
218424037
312051473
200037203
171498131
159020918
141010367
92706637
874735136
115487399
93845249
86759987
278770268
163565914
143437980
311360822
196867605
112758116
299068038
201303725
250221153
1036797798
1125860552
298831966
191309420
199270604
324277900
182759242
855913461
176155470
417048084
987024623
198971461
121756688
161511537
302999330
490598998
148526973
138140932
336325879
170332860
117311875
121775665
138228464
401792574
99036634
131991106
1070668144
255787643
237433594
136781127
111030315
870464079
874577419
178382995
149486894
969982039
138082674
138279116
385825293
355409883
137306229
322925642
886847610
234239343
217658438
205654228
387624608
147404897
878613736
171051222
344255779
376922538
413339999
117089283
163152486
261534516
1044002267
81481903
185697105
364200534
167594359
249835593
863282361
294600601
291258738
119898344
344861218
340189460
353881304
150970092
370850139
189398048
108030695
149072346
123189159
441899784
318286721
131246802
147408273
48823667
204217293
171348003
88271237
622101071
68007361
141116496
105335416
141190831
158606677
488594826
908327644
103045129
345103831
285319482
115651292
116985284
98482878
328063545
250804987
146511635
152915953
339768501
274709016
232281409
254152680
157779610
216800995
169458545
122529912
162494166
364750900
134432641
143278997
164619158
334044868
325289058
1100534292
176923146
136510690
205324561
428072737
116080282
234699894
122049498
250353613
163688278
83650449
218375165
399959794
107381961
121404228
246662024
258476311
236507753
76173488
101026179
352031777
229407289
377594124
163563001
374150060
116268837
166226963
1131665504
299669105
188352334
136882903
398747760
991645014
167488455
169792401
131823301
230098600
100295499
891833102
101986166
313198707
1066397310
970534194
851178649
295877832
250791183
78651939
285327298
354079122
313730370
237186646
133197997
29517189
104185879
848126223
1003401851
332342615
269930820
171442416
191734430
240527985
369547733
296601357
92695251
1014295667
205640554
274078636
276742666
388941326
201736802
174968487
135607261
58429537
395770377
262367336
401902808
81671270
327437074
38628747
854563850
172252178
347118374
162539779
879017980
174426300
187937952
907890343
412076227
123717676
421515107
353200239
41016928
392408357
258466396
359111152
451317002
219225327
888291022
101123322
181893416
162672288
452446948
324627809
110686615
273316232
930586713
125995177
100688137
836325393
885187787
1061229178
105178768
92487440
367460379
134711350
123147097
86692726
93526520
1009034976
170985718
198316694
852900152
173480523
135178273
64444715
162754258
430337036
139432283
346675205
86942586
119576842
68066965
144286610
186884950
107033780
180011187
202663610
217599053
160608190
102472862
116885013
165178538
165086403
1127297877
345650410
114259385
216766585
248741969
298683250
288144026
484759837
138381934
171169750
108989378
182100756
197463135
101062921
187358313
103110865
454418684
97652111
106278629
203249514
136335532
399062000
252900976
156590692
374843602
271278308
185675940
150206837
115694503
356208566
103609296
174942955
88153289
1073026915
137152270
839395394
139774142
138608676
235945607
353602046
304708984
194820051
223686191
145299975
299813596
186215174
196561120
94439767
215241565
294441654
396792504
905867131
86874930
178016137
207613347
168380579
140523776
161857389
233567155
85956459
878212255
322101202
365093914
211883623
101924555
374389526
229246501
230125082
870120348
374875067
79922175
158719194
108203659
136444495
915573115
212011074
393366803
1023178032
186753076
112088411
251855337
138103935
126927396
245814239
161569139
899495504
136510362
409263653
1043722021
46848341
273707676
116881520
218981145
136405161
115975133
170383714
1092267175
150107052
139398275
137021269
236586058
1052101649
224230375
138832763
91369376
281635880
114388400
350903288
418096165
850513229
296735856
163465105
99803639
106636711
191282908
350953714
97235629
131043881
140835095
339764222
117528584
197300651
148180390
400157777
85612299
138865286
340581390
913346773
250114507
366757613
867055953
284780604
296226696
181661363
1108459234
898115205
329977411
94358567
1084061936
376376587
123786372
122173827
152285172
139843709
182369609
315870072
152168157
140012532
208754444
352885995
206712876
241561922
138733307
142824517
228517469
393709402
125915245
135411300
299968250
1023568179
171627713
112531417
86723143
100175472
1126386144
319495561
125008483
137428373
377724939
125732071
119631156
283908954
143041662
141420579
361192969
132883270
125002518
493573392
89598554
859977969
133371174
260999712
211106243
173462522
924944185
266249916
182492319
161025060
150361994
225653266
317465188
180032967
398896331
374349051
100737431
177453057
158614525
104504914
301250897
429621696
386175925
139618335
213032654
195714057
140861401
121833213
118480463
151402362
54151884
837609249
184188118
79134733
855292827
255007345
136421659
316971553
3165951
144174966
139985766
134998971
348201256
141333629
862952989
290892060
178366364
159468968
198455430
386370442
122867857
393927268
910243763
164438978
138723277
415392517
150784236
279460864
898564552
907542160
123533621
240450833
163392533
243671312
90423751
142836457
136003052
165527390
165432797
196606867
314584168
324198303
155322111
77380564
880868638
243561081
142536387
195353057
357647753
114500675
122005748
169811497
212179547
470392491
115129310
106767376
869040407
123177227
285282252
109350193
116290457
112649811
910218432
142126517
359874296
126298965
112269033
126174633
135878232
118193010
113277539
11550182
404325727
16446200
119743955
258607808
188823392
235932794
838343295
874198003
98167706
196490133
893272594
121952627
107562083
133958007
112426916
186138070
119866878
117005046
860851235
125012167
178813175
853520543
218500899
1091280071
111189717
124075452
859615206
89371588
207078168
231703757
411846861
847023107
1259374563
252451035
94531730
104513932
110297577
350956944
388905349
1102613219
230788279
147267417
372891840
130123201
131788300
212841818
16413289
134395338
116315292
147439392
287725220
244987065
214881746
228516683
191104040
139838410
220114337
307593114
135656964
1043631367
162605581
186928748
141653857
196809329
186102558
86300851
367973980
135980227
81852496
138841640
144071937
241961344
219950601
371979801
345378455
148063231
131060094
136342177
277200704
172522445
138868626
200362560
156214491
137855976
170128072
60140615
164271450
341493354
292509170
170093931
137257185
126979474
146372433
167072778
277835316
293950128
191160334
158074556
156410399
198822761
406517419
301339401
843941355
208287519
86715129
86732705
239600830
311812879
196481318
129852226
119857205
192981126
139306266
367993660
1026274426
337846099
318371533
138844053
225210757
104741959
303568400
181987328
1266761780
1071937725
863364676
317403625
332650590
182760269
95183591
193879048
131706718
222648095
131552248
177035645
303857143
390214441
100495384
118306019
83785648
1050532686
355619071
91064780
341056301
398891097
237610210
196931374
182969434
126469785
177908804
173812218
292844256
245509117
915660028
291175960
238929137
336593926
393280550
268546384
163215638
140830092
130113372
1054190874
139937922
377282387
164199202
150914755
907214960
330191088
894874631
179284293
384015644
835864135
170558809
232101041
49896820
140306052
260303076
166352565
404150207
373226972
909428721
87442297
379259331
140360879
835552375
129035220
250306295
163404029
189892277
179266369
129570149
141862891
397405190
134556694
303180333
118124657
102923192
162274034
299091940
132161954
183255061
69602973
278519850
836509298
194565390
372631549
138237476
1102626367
426486746
132449853
1065650051
336937491
124286163
142179315
103354522
86779565
890662763
124642918
117201640
411529579
1201221571
179198030
209652595
136353896
195138458
1069189785
87036216
334128044
904502606
241501414
183132822
288062754
196411107
121071976
916513428
112179882
97366926
164253917
217834287
106818872
183637981
130416036
172441904
100723741
957204049
161846617
177259704
137878801
192019512
200904266
147708467
133527264
361794356
381274555
205803820
101259972
370719716
439710848
376421854
135402558
140411011
202836150
1251524067
158554881
324045303
1114792376
331971248
136575603
114047775
901234188
417202490
149347953
312542697
101083933
230697345
109221881
84853828
133287498
217339237
181092754
179458247
248087116
156331087
185436448
221916029
69256187
106783671
363068874
335510324
134845952
255499323
141417436
62533910
471979494
184014688
856812264
193599931
322442240
1089065737
1100726915
172038215
287966898
124127745
195072449
806589419
158607193
233171455
118127154
155370747
236076202
177326627
143596632
348815181
477953233
257596543
268954000
103078984
137610012
197108699
319292743
903714707
430006448
442056188
337314004
182024280
106809101
203240987
211676821
167248886
396651757
220479455
245253625
860414909
187891132
138522697
324804005
346066390
211105234
198105906
450247223
397480648
79192770
240261093
142031011
255229437
225167645
347326758
147134765
75750590
238663546
900539504
212397059
91382370
163221334
197196266
306362132
198035908
913617290
350617420
492413393
85784109
195804179
190738832
107215696
177477574
129653457
100788083
195210298
106104419
85708813
179136229
242389572
107313421
90137663
101642221
229058027
447857044
352972147
170809075
178279753
170094798
122810642
895803162
141065684
435139370
241536475
115178337
41843638
151591563
136801561
70281146
92477990
386903546
455489235
866422305
1189126992
137215597
110057912
150519520
327382599
251462076
136338439
184223510
877865718
372183386
339198904
120835115
42274654
405351356
215190371
138892834
111336536
236048443
101240880
249043309
262940104
218660866
158465206
95568812
183477172
383233759
318288510
58367761
233389813
129071882
194736714
485772385
886027631
86214606
849451203
118616714
134955620
143473985
188962397
843503642
411602527
88600100
186133464
170914804
382855253
154223815
151669649
880223244
238858075
113055105
105920571
222364498
25502245
170877532
89423756
126058834
139663252
136401459
345509021
79002648
139263793
184043944
144735278
89603649
84133761
163903535
152652828
124400304
134096764
285652188
923473386
132246175
124659668
164386225
408929327
131766964
131769991
372105535
143738713
377578227
260241404
113754480
63703276
464484939
282356992
209096390
132188508
182993582
143700209
130236998
184298001
196923643
47453108
134795579
38672293
135596324
365309472
123051238
84745626
157164782
138678181
121885658
114950635
113106253
184781754
148861869
138140834
1026148208
848718
109268558
125814840
32000820
191688798
138650405
466792903
115719286
307739474
226297138
125537531
195001460
361494951
203612832
175350492
260303980
137570826
136580751
174905440
234702034
136033473
257487788
416055513
347524932
127583085
89583339
125931091
105120811
176878397
138912030
179559744
412414500
407576577
968505555
313297676
162959893
345512955
320854806
154513927
188443067
152461420
189387343
129619105
202713478
108839644
116309061
393287616
922745980
129204173
992325497
132287215
890440011
344005370
138591390
369819701
240727522
125932051
121532383
117990312
875883083
134547835
353479702
182775211
325295578
162003654
118681237
101325470
398660182
402491117
102011998
140161312
91918408
122238102
138149607
387142914
217813549
63407312
199482043
134909778
345418279
875898716
185762841
909004503
128713692
142061199
342252839
145044059
214195050
139859181
429525247
84024314
367751557
307908880
30237211
393670648
1026694469
258526381
190100004
895015464
258909703
128580956
351404001
925407683
134581123
204138634
374243500
381343987
159406870
351259610
231102541
426001121
338670719
139026726
379452388
185274310
172047156
133682196
872643978
463285831
878143201
1096299635
139335106
49849992
251037865
192120253
968550668
188936019
169177813
270029316
323266527
105780348
240787811
176381943
141130033
425938760
123684139
265416168
911269444
345597995
421993542
129964854
82305765
125381143
111125794
276096844
1167091513
89945143
106452275
188885485
318238575
385122010
141827527
386001751
109303574
189053636
313302962
118394602
21853297
324997475
237428713
134488303
1060328337
117071713
133779843
94264227
41637292
135395463
454093288
1082848764
148964577
250262699
135036715
391656754
173476224
144839161
140742066
139809770
153609394
280084192
1029382877
446376753
870365931
138050368
1084702537
127925399
35950371
156089299
249016996
244349620
89672163
377254759
449065301
370846187
1002970859
123011137
136982266
111028607
134040295
320207650
1133107800
460663374
260139201
139575167
57286051
178041202
935495351
858117953
234629013
193490297
196815373
346923772
174623678
284888782
166309026
240110134
253312919
287481472
82327674
878228294
271517288
323996897
180209926
160708663
919090597
209974969
204168529
412753955
146087628
142482212
89200617
175416191
221883921
66835148
107746371
122425985
178582083
305604417
114894898
182505832
430638935
175762298
379973845
406616885
108484186
261360564
322730264
436784699
1027122078
101510521
161972897
169958153
162812365
70157388
217475266
226454693
162057485
254246479
136529899
259370588
183126002
148213233
990604513
86790014
180013438
246581195
410300640
276757782
171776355
113825167
394027297
353839948
230636583
279618516
187125498
111679434
163753833
390359840
129781954
904280084
344389023
184067492
104747746
136523808
189857042
181910497
263721816
302715521
164749789
197880617
96768866
865985155
268839472
107050251
78317979
187123736
123234940
139203368
405190038
40611032
970805249
342326251
112609784
145140598
129278807
1074160314
144807976
75554960
293441172
123807067
430157081
167832302
348972714
216035715
203831202
1093290221
183938405
135188360
203030217
336636285
220621418
164217422
136092622
249124785
168701064
157466506
217786127
95814761
197829722
59273184
423718688
378119236
227799189
315764331
180513938
188217893
854435829
1252759137
1003786231
101744643
382897005
203955763
193688264
334561895
113303871
167901280
391151700
170512629
884455990
119540075
161595677
381100443
127187727
147474338
225279675
355113333
203305795
102811031
369147598
140666974
172739956
434465236
99141488
175538043
86790626
243058838
160391554
126455589
161656590
908880808
202739063
167214618
210750366
299447943
888319288
139223191
1017687239
161311646
256058107
207448511
397105370
404175882
101071453
184941388
129172325
88088188
249483584
199607205
90324740
389825759
136436362
50941884
367043610
151077015
1023903620
178613196
1106038302
326532235
193480292
325665682
169281431
188749007
1119556666
313817893
128632932
347819488
136744404
47224963
100920931
86788706
114757882
419929853
327761571
361328622
162282213
846783518
105548991
182120149
189088354
106088167
354557024
1065991885
114162163
175538589
138786431
152860770
280923482
199246453
172360806
123720262
100488804
144281869
113602555
225973575
390073012
373269548
283717034
163489995
1203106707
923786893
1043304405
385295772
353493956
253528740
130424429
106266655
181814254
200921882
84671288
105989125
337120802
874542740
120569619
240293231
214735983
168355668
430799427
907810793
131040059
158660563
116919468
147847489
100311765
123497536
201929009
204264623
311367188
393647059
484167243
136219062
361851865
162453808
858781190
890510288
158761236
97503206
280073316
364814187
106264788
117511039
103848171
1042276015
274501124
121114689
123344967
138940387
118370366
203943220
161995518
377442866
121874288
903884299
144042230
387776359
273932140
86745912
70388657
1168803081
178552810
223867043
1141021383
116995504
98264063
39155815
364974151
349209569
957534547
153922535
272625608
208602483
157114840
352717894
401207620
163294564
325705243
136144037
243593576
214472698
129743481
119669590
229472338
105719442
139240163
238500929
217882014
252559995
138894253
441076656
323621256
264726608
190266951
1145065267
195983343
191619420
379741992
138010615
141398569
136543776
256333571
250391121
136371948
191089894
145775920
411513791
297770458
319639800
189046705
854089020
991496011
890380598
254820775
437984410
316064507
134993353
405073845
391331182
178794597
95145869
34505203
52412644
440070287
1135777934
1081873410
321554723
170093966
1005513673
130259308
193310479
444780493
1187161358
484506699
919735867
870252483
366548576
126172556
318911129
150769884
1010173059
122137757
899724254
116834323
202343622
295462292
86817182
114513616
1038581123
155564702
428310554
129807919
122195271
264074516
142726169
114609166
122094097
857668070
92111981
338022336
493481492
254990236
872181018
1135484053
1043944669
299012097
1038277917
303526574
1260268060
405499625
120325014
44943100
426901615
91508064
75308028
492490956
105809290
453228499
1251357029
370520057
284064862
176978236
93552791
200890524
137322787
1133388674
390058876
194964226
100610603
1172719712
268846484
198873981
162973137
879628685
1025767498
911977148
178633570
97601572
154108665
86891646
241500617
417235485
339195074
244138351
39890357
875495121
1147068259
197681058
449331554
222129146
1187166675
1150028510
895973917
344828931
862354399
1047787245
284181126
1120842955
490891307
148928330
1065444063
252162427
202461389
448176486
105441116
135908331
191066225
144744721
429844080
868904722
133298230
127306184
196279588
131365523
402405989
249653951
968728116
266289140
140763367
138598083
135601543
397950892
134499979
44536122
240129285
200092773
114943377
136478847
145444932
120513070
256709841
136909266
148383750
201067932
168384682
154109410
246040856
369792139
1217171067
906463294
139209094
208660802
198761904
177157118
342353461
139008413
891956661
129770120
344393985
1009796152
138028197
237133438
138335951
148030099
432354658
242826271
231321400
161800097
214933161
402426677
139624539
280672348
249967064
137378380
341360182
163955604
191524753
246538964
389960144
420814184
144117517
111173381
141198030
113973156
139802328
196412921
131374843
394621542
1218467542
143301757
394970340
188091867
408996508
335996927
146704780
136113614
136203759
170625891
221580002
123608755
327474850
251372101
377945589
186934808
213246167
129241985
372681593
865071626
324567747
134590211
168070363
136480668
173619184
170991139
148858776
184252482
441035977
406813890
242654533
139092770
210001333
140864903
134292061
141304150
178062089
136400581
371118311
103897039
202018325
135791522
220754193
217707987
400233777
124406658
1203802799
128668691
125861458
136333138
182953034
166080629
135811839
136447132
164084470
146012889
252667787
436044557
441199074
152374464
134062844
1119240161
211063349
1039149718
250516752
136688364
166462702
383013976
189930303
288259768
103392423
185751066
241310569
154693033
110367551
158396261
259485633
101993403
140973920
348133131
327345507
185185634
103317376
146066411
113531730
136534000
269918652
417861014
181556283
188360842
342080098
164608923
1031527925
227433958
219621026
179147775
157956160
154574811
124160161
140026489
136410195
307949033
142986486
377123428
180066317
136115354
171711248
143933706
250918224
215531142
149660870
854029872
204127692
207306169
427712605
910995612
142164583
315603464
196240485
173980265
118280205
140723793
439280323
169448194
229090663
175967832
160938170
308125438
147624759
173757154
188001720
146071522
175056078
291894996
135197176
239675202
1017821593
301107095
129737151
300891775
190820140
136937593
120563404
1075830995
34519567
12692042
1153798101
474984451
202691456
394918703
92847434
32128719
337505597
124603973
146969247
86811043
59752811
1004454888
167450181
245373129
1166498833
392549232
227343429
121443783
1016984528
345314794
221553445
450274524
259168952
205295476
102808598
245417576
864275097
157481588
83916794
1224974216
332760797
230825386
197595583
89128606
130801103
877968481
1004022359
25175582
219979699
114445601
430109900
87941677
836756987
886072407
96196828
150354245
105116650
124306043
112162809
1056278694
178386292
130001137
366396778
165666832
122571057
119315361
175817256
116790182
1062148399
234095301
855450670
165110440
73362043
214019321
164927477
242564019
116249155
119343873
1016676974
393247781
86937884
110641070
436812009
131620298
185281274
175177296
147858311
169817688
1106680846
131621707
293217392
172058231
886242952
118419316
101875787
103162342
123741494
164842410
325697153
381193936
202148694
225408629
1284570246
202392172
320269760
128371365
1147731850
307856613
389276156
148276092
20603135
128071308
238262659
891521610
160313117
307165777
187573416
378786110
905891693
65976924
322890791
386834365
87216432
179475303
130991304
1263161342
350465356
63326786
94420949
86785083
891154650
138434487
1037817328
107812852
192701378
144645987
113929302
64163607
347445342
412543641
115653075
200043228
165467615
165457069
84411543
79809603

196012404
836657747
228454699
402688758
144331863

# 12/11/2022
368668788
113926403
908263704
206764710
75275830




